ISBN
9780300124958
9780300124958
2900300124957
9780226001975
9780226001975
2900226001974
9780582822962
9780582822962
2900582822961
2813024783815
2813026691903
9781595586834
9781595586834
2901595586833
2813029008708
2813029122664
9780134507101
9780134507101
2900134507100
9781496369659
9781496369659
2901496369658
9780300181432
9780300181432
2900300181431
2813024155629
2813025944642
9780321852991
9780321852991
2900321852990
9780140449709
9780140449709
2900140449708
2813036475098
9780143105015
9780143105015
2900143105014
9780143106654
9780143106654
2900143106653
2813032766947
2813026399724
9781595586438
9781595586438
2901595586437
9780399588747
9780399588747
2900399588746
9780801453809
9780801453809
2900801453808
9780801489136
9780801489136
2900801489135
9780299294649
9780299294649
2900299294648
9780262516327
9780262516327
2900262516326
2813027468870
9780199665457
9780199665457
2900199665456
2813028412353
9780807747896
9780807747896
2900807747895
2813036648515
2813036623598
9780321013491
9780321013491
2900321013490
9781433805615
9781433805615
2901433805614
9781880684047
9781880684047
2901880684046
9781632864130
9781632864130
2901632864139
9780415809603
9780415809603
2900415809602
9780691152844
9780691152844
2900691152843
2813036445329
9781891389313
9781891389313
2901891389312
2813023130290
9780413669001
9780413669001
2900413669000
9780226921846
9780226921846
2900226921845
9780375757990
9780375757990
2900375757999
2813031949051
9782911928031
9782911928031
2902911928030
2813039066927
2813039065586
9780345406040
9780345406040
2900345406049
9780134700649
9780134700649
2900134700648
9780199587247
9780199587247
2900199587246
2813022949022
9780134482019
9780134482019
2900134482018
9781442233058
9781442233058
2901442233057
2813035256216
2813036964721
9781284128352
9781284128352
2901284128351
9780226029818
9780226029818
2900226029817
9781496332219
9781496332219
2901496332218
9780199541423
9780199541423
2900199541422
9780385721677
9780385721677
2900385721676
9780199535521
9780199535521
2900199535520
"03
OXF
OXF
9780199535538"
9780199535538
2900199535537
9780199535545
9780199535545
2900199535544
9780199535552
9780199535552
2900199535551
9780199535569
9780199535569
2900199535568
9780199535576
9780199535576
2900199535575
9780822326212
9780822326212
2900822326211
9780842524797
9780842524797
2900842524796
2813030578214
9781851682638
9781851682638
2901851682637
9780553383874
9780553383874
2900553383873
2813025956393
9780199372294
9780199372294
2900199372293
2813036687392
2813036623703
9781506367422
9781506367422
2901506367421
2813027632295
2813036934212
9780739014851
9780739014851
2900739014850
9780739029077
9780739029077
2900739029076
9780810972278
9780810972278
2900810972277
9780226069500
9780226069500
2900226069509
9780345806567
9780345806567
2900345806566
9780822338246
9780822338246
2900822338245
9780199120253
9780199120253
2900199120252
9782070344956
9782070344956
2902070344955
9781610390934
9781610390934
2901610390933
9784789014403
9784789014403
2904789014402
9784789014434
9784789014434
2904789014433
9784789013499
9784789013499
2904789013498
9784789013505
9784789013505
2904789013504
9782070464326
9782070464326
2902070464325
9780520067141
9780520067141
2900520067140
2813025322693
9780742555570
9780742555570
2900742555579
9780140448153
9780140448153
2900140448152
9780810133419
9780810133419
2900810133418
9780134053233
9780134053233
2900134053232
9781605358222
9781605358222
2901605358221
9781605358246
9781605358246
2901605358245
9781328915436
9781328915436
2901328915435
9781559367967
9781559367967
2901559367966
2813029235159
9780759398092
9780759398092
2900759398091
9780374532338
9780374532338
2900374532337
9780809071944
9780809071944
2900809071943
2813032120565
9780226200408
9780226200408
2900226200407
9780521663960
9780521663960
2900521663969
9780521715256
9780521715256
2900521715255
2813026367716
9781469620916
9781469620916
2901469620915
9780521386500
9780521386500
2900521386509
9781577664437
9781577664437
2901577664436
2813024951160
2813026914040
9780486656755
9780486656755
2900486656754
2813026143204
9780618871711
9780618871711
2900618871710
9781609185046
9781609185046
2901609185045
2813026408242
9782070398768
9782070398768
2902070398767
2813026355096
2813025913990
2813031495978
2813031481742
9781259977305
9781259977305
2901259977304
9787561926239
9787561926239
2907561926238
9787561926222
9787561926222
2907561926221
9787561928936
9787561928936
2907561928935
9787561932070
9787561932070
2907561932079
9781457666469
9781457666469
2901457666468
9788420431444
9788420431444
2908420431443
9780300125771
9780300125771
2900300125770
9780470516911
9780470516911
2900470516910
9780865162617
9780865162617
2900865162616
9780997883411
9780997883411
2900997883410
9780140135152
9780140135152
2900140135151
2813025263804
2813027252578
9780078038419
9780078038419
2900078038418
9780205149766
9780205149766
2900205149765
2813024144845
2813025508318
9780199978465
9780199978465
2900199978464
9781935439264
9781935439264
2901935439263
9781119042310
9781119042310
2901119042319
9780822360445
9780822360445
2900822360444
2813022426318
9780520280014
9780520280014
2900520280013
2813031246143
9780300139181
9780300139181
2900300139180
9780060786847
9780060786847
2900060786846
9780300142174
9780300142174
2900300142173
9781556356766
9781556356766
2901556356765
2813026014658
2813036637311
9780470115398
9780470115398
2900470115397
2813027001343
2813026938121
2813029039672
2813029121803
2813027461864
2813027461765
9780133780581
9780133780581
2900133780580
9780571211838
9780571211838
2900571211837
9781416590316
9781416590316
2901416590315
9780520293281
9780520293281
2900520293280
2813032284847
9780465094080
9780465094080
2900465094089
9780571199945
9780571199945
2900571199944
9782011551641
9782011551641
2902011551640
9780199232116
9780199232116
2900199232115
9780824833039
9780824833039
2900824833038
2813026254818
2813025413698
9780679728221
9780679728221
2900679728220
9780679741800
9780679741800
2900679741809
9780226239736
9780226239736
2900226239735
2813032094729
2813036669725
2813036621587
9781260056082
9781260056082
2901260056081
9780898716955
9780898716955
2900898716954
9781138243682
9781138243682
2901138243681
9780195644425
9780195644425
2900195644424
9780520254985
9780520254985
2900520254984
9780691138398
9780691138398
2900691138397
9780393603453
9780393603453
2900393603452
9781250212849
9781250212849
2901250212848
2813035347181
9781526426857
9781526426857
2901526426856
9781780329970
9781780329970
2901780329979
9780802137234
9780802137234
2900802137233
9781592134328
9781592134328
2901592134327
9780199396856
9780199396856
2900199396855
9780226072616
9780226072616
2900226072615
9782070346196
9782070346196
2902070346195
9780134856926
9780134856926
2900134856925
9780134996684
9780134996684
2900134996683
9780134770482
9780134770482
2900134770481
9780226075051
9780226075051
2900226075050
9780190690816
9780190690816
2900190690815
9780141441146
9780141441146
2900141441145
9780393937961
9780393937961
2900393937960
9780134552231
9780134552231
2900134552230
9780134557328
9780134557328
2900134557327
9780134553108
9780134553108
2900134553107
9780134292816
9780134292816
2900134292815
9780134414232
9780134414232
2900134414231
2813029295672
9780140390629
9780140390629
2900140390628
9781849352604
9781849352604
2901849352603
9781780747828
9781780747828
2901780747827
9780190233105
9780190233105
2900190233104
9780133041941
9780133041941
2900133041940
9780061138829
9780061138829
2900061138828
9780892554782
9780892554782
2900892554781
9781589017368
9781589017368
2901589017367
9781589016323
9781589016323
2901589016322
9780134092669
9780134092669
2900134092668
9780130421555
9780130421555
2900130421554
2813036669374
2813036621310
9780073398211
9780073398211
2900073398210
2813025917264
2813026376664
9781452203515
9781452203515
2901452203514
2813028613224
9780802150592
9780802150592
2900802150591
9780393602630
9780393602630
2900393602639
9780393602647
9780393602647
2900393602646
9780140436259
9780140436259
2900140436258
9780140432046
9780140432046
2900140432045
9781138088610
9781138088610
2901138088619
9780679735908
9780679735908
2900679735907
9780801473340
9780801473340
2900801473349
2813030586585
9780199540266
9780199540266
2900199540265
9781617115974
9781617115974
2901617115973
9780520221437
9780520221437
2900520221436
9781118324578
9781118324578
2901118324577
9782070360789
9782070360789
2902070360788
2813032837944
9780688123024
9780688123024
2900688123023
9780735217737
9780735217737
2900735217736
9780134080918
9780134080918
2900134080917
9788838919053
9788838919053
2908838919052
2813030776344
2813032067563
9781349950751
9781349950751
2901349950750
9780393932348
9780393932348
2900393932347
2813031224530
2813031961886
9781108422161
9781108422161
2901108422160
9780618249060
9780618249060
2900618249069
9780812922998
9780812922998
2900812922997
9781138097124
9781138097124
2901138097123
9780323169257
9780323169257
2900323169256
9780025225800
9780025225800
2900025225809
9780679751410
9780679751410
2900679751419
9780226097923
9780226097923
2900226097922
2813036013894
2813023543106
2813026007193
9780865168053
9780865168053
2900865168052
9782070408733
9782070408733
2902070408732
9782070389520
9782070389520
2902070389529
9781569003442
9781569003442
2901569003441
9780385425476
9780385425476
2900385425475
9780073397962
9780073397962
2900073397961
2813028965538
2813029273458
9781319125189
9781319125189
2901319125188
9780813349794
9780813349794
2900813349793
9789653501270
9789653501270
2909653501279
9789653501126
9789653501126
2909653501125
9780393925302
9780393925302
2900393925301
2813026133472
9782070421404
9782070421404
2902070421403
9781680044492
9781680044492
2901680044491
9781617670978
9781617670978
2901617670977
9780865167490
9780865167490
2900865167499
9780691153100
9780691153100
2900691153109
9780691146911
9780691146911
2900691146910
2813027297401
9781526122902
9781526122902
2901526122901
2813022407881
9780865165908
9780865165908
2900865165907
9780140442144
9780140442144
2900140442143
9780226109534
9780226109534
2900226109533
9780813349800
9780813349800
2900813349809
9781784780401
9781784780401
2901784780400
9780133411898
9780133411898
2900133411897
9780143115281
9780143115281
2900143115280
2813028538282
9780691173900
9780691173900
2900691173909
2813036775013
2813037062310
9781260057386
9781260057386
2901260057385
9781565845664
9781565845664
2901565845663
9782253011095
9782253011095
2902253011094
9780195373387
9780195373387
2900195373386
9782253063384
9782253063384
2902253063383
9780190608651
9780190608651
2900190608650
9780323096317
9780323096317
2900323096316
9780252082481
9780252082481
2900252082480
9780820329406
9780820329406
2900820329405
9781451697360
9781451697360
2901451697369
9780198778790
9780198778790
2900198778799
9780262033848
9780262033848
2900262033847
9780300190922
9780300190922
2900300190921
2813031201937
9780321965240
9780321965240
2900321965249
9781680044317
9781680044317
2901680044316
9781617671036
9781617671036
2901617671035
9781680043419
9781680043419
2901680043418
9780471241959
9780471241959
2900471241958
9781420084108
9781420084108
2901420084107
9781323590201
9781323590201
2901323590200
9781323508640
9781323508640
2901323508649
2813028970266
2813029137842
2813028409551
9781464126147
9781464126147
2901464126146
9780822359319
9780822359319
2900822359318
9780190236472
9780190236472
2900190236471
2818740161879
2828740161878
9781609181338
9781609181338
2901609181337
2813031231637
2813028942126
2813029107302
9780470659793
9780470659793
2900470659792
2813031494254
9781412949675
9781412949675
2901412949674
9781543304435
9781543304435
2901543304434
9781577666134
9781577666134
2901577666133
9780142410370
9780142410370
2900142410379
9780199538362
9780199538362
2900199538361
9780375703768
9780375703768
2900375703767
9780385496988
9780385496988
2900385496987
9781400031153
9781400031153
2901400031152
9780385497008
9780385497008
2900385497007
2813028964630
9780964883734
9780964883734
2900964883733
9780822351061
9780822351061
2900822351060
9782035834294
9782035834294
2902035834293
9780231109390
9780231109390
2900231109399
9780853454854
9780853454854
2900853454853
9780807070734
9780807070734
2900807070733
9780813349244
9780813349244
2900813349243
9780198805229
9780198805229
2900198805228
9780807064191
9780807064191
2900807064190
2813030563593
9780898713893
9780898713893
2900898713892
9781510750166
9781510750166
2901510750165
9781583670507
9781583670507
2901583670506
2813028239813
9780872201927
9780872201927
2900872201926
9781107665736
9781107665736
2901107665735
9780891480792
9780891480792
2900891480791
9780553447439
9780553447439
2900553447438
9782070306244
9782070306244
2902070306243
9780385092609
9780385092609
2900385092608
9780307716903
9780307716903
2900307716902
2813027596054
2813028777544
2813028777506
9780306804151
9780306804151
2900306804150
9780190876654
9780190876654
2900190876653
9780134053387
9780134053387
2900134053386
9780521385992
9780521385992
2900521385991
9781583220788
9781583220788
2901583220787
9781107135116
9781107135116
2901107135115
2813036438154
2813036412291
9781259290633
9781259290633
2901259290632
9780393976120
9780393976120
2900393976129
9780321048318
9780321048318
2900321048317
2813039066422
9780198804932
9780198804932
2900198804931
9780394800899
9780394800899
2900394800898
9780674006942
9780674006942
2900674006941
9781501715167
9781501715167
2901501715166
9783193072559
9783193072559
2903193072558
9780199696000
9780199696000
2900199696009
9780520272927
9780520272927
2900520272926
2813022423331
9780520287488
9780520287488
2900520287487
2813027010246
9782070360093
9782070360093
2902070360092
9780873527798
9780873527798
2900873527797
9780142004418
9780142004418
2900142004417
9781422134818
9781422134818
2901422134817
9780691172019
9780691172019
2900691172018
2813032012884
2813032080883
9781138742482
9781138742482
2901138742481
9780345807298
9780345807298
2900345807297
2813037097114
9780195033816
9780195033816
2900195033815
9782070349623
9782070349623
2902070349622
2813030474851
9780807616239
9780807616239
2900807616238
2813027454019
2813035292870
9780123749796
9780123749796
2900123749795
9781118808566
9781118808566
2901118808565
2813024198343
2813036641950
9780674725263
9780674725263
2900674725262
9780061787423
9780061787423
2900061787422
9780060972455
9780060972455
2900060972454
9782070377220
9782070377220
2902070377229
9780195070156
9780195070156
2900195070155
2813030568031
9781555974862
9781555974862
2901555974861
9781554810277
9781554810277
2901554810276
9780679732181
9780679732181
2900679732180
9780679732266
9780679732266
2900679732265
9780679732242
9780679732242
2900679732241
9780307946751
9780307946751
2900307946750
9780674735491
9780674735491
2900674735490
9781630912598
9781630912598
2901630912597
2813028413756
9780190275853
9780190275853
2900190275852
2813029053340
2813029137279
2813029196184
2813029272604
9781319061722
9781319061722
2901319061721
9781319061739
9781319061739
2901319061738
9781119259756
9781119259756
2901119259755
9781567500325
9781567500325
2901567500324
9780472088492
9780472088492
2900472088491
9781506368283
9781506368283
2901506368282
2813022416777
9780520247086
9780520247086
2900520247085
9781609450786
9781609450786
2901609450785
9780452277489
9780452277489
2900452277488
9781526436566
9781526436566
2901526436565
9780300180527
9780300180527
2900300180526
2813026195937
9780814436943
9780814436943
2900814436942
9780198809524
9780198809524
2900198809523
2813027358645
9780520089181
9780520089181
2900520089180
9780262562188
9780262562188
2900262562187
2813027285729
9780143118756
9780143118756
2900143118755
9780195382761
9780195382761
2900195382760
9780743273565
9780743273565
2900743273564
9780684804453
9780684804453
2900684804452
9780684801544
9780684801544
2900684801543
9780440416791
9780440416791
2900440416790
9780821847916
9780821847916
2900821847915
9780385352857
9780385352857
2900385352856
2813022720706
9781405160216
9781405160216
2901405160215
9780316069885
9780316069885
2900316069884
9781101981115
9781101981115
2901101981114
2813031661519
9781555541637
9781555541637
2901555541636
9780141182131
9780141182131
2900141182130
9780684187105
9780684187105
2900684187104
9780786888740
9780786888740
2900786888749
9781506365961
9781506365961
2901506365960
9780205696529
9780205696529
2900205696528
9780205696833
9780205696833
2900205696832
9780553296983
9780553296983
2900553296982
2813029175165
9780826357885
9780826357885
2900826357884
9780134678320
9780134678320
2900134678329
9780135272800
9780135272800
2900135272809
9780133653120
9780133653120
2900133653129
2813023427789
9780826412768
9780826412768
2900826412767
9780865163416
9780865163416
2900865163415
9780684829463
9780684829463
2900684829462
9780393934656
9780393934656
2900393934655
9781462535873
9781462535873
2901462535872
2813039064657
9780805088090
9780805088090
2900805088099
9780525565536
9780525565536
2900525565535
9781405115698
9781405115698
2901405115697
9781349447596
9781349447596
2901349447595
9781506351568
9781506351568
2901506351567
2813030590292
2813030562985
9780811226059
9780811226059
2900811226058
2813035332866
9780307474728
9780307474728
2900307474727
9780520262089
9780520262089
2900520262088
9780131873254
9780131873254
2900131873253
9780030726293
9780030726293
2900030726292
9788848006286
9788848006286
2908848006285
9780226284613
9780226284613
2900226284612
9781597265737
9781597265737
2901597265736
9781476717777
9781476717777
2901476717776
9780393979954
9780393979954
2900393979953
9781119080701
9781119080701
2901119080700
9780521132770
9780521132770
2900521132779
9780618711666
9780618711666
2900618711665
9780190622015
9780190622015
2900190622014
9780131495081
9780131495081
2900131495080
9781597267922
9781597267922
2901597267921
9780520253971
9780520253971
2900520253970
2813039160236
9780394736655
9780394736655
2900394736654
9780393335323
9780393335323
2900393335322
2813026132642
9781555978488
9781555978488
2901555978487
9781421409887
9781421409887
2901421409886
2813037024776
9780393337501
9780393337501
2900393337500
2813026128362
9780801487590
9780801487590
2900801487599
9781319066529
9781319066529
2901319066528
9780316010665
9780316010665
2900316010664
9780143120544
9780143120544
2900143120543
9780691025568
9780691025568
2900691025567
9781591845331
9781591845331
2901591845330
9781250065667
9781250065667
2901250065666
2813026284174
2813025436055
9780190889432
9780190889432
2900190889431
9780934034340
9780934034340
2900934034349
9788875733261
9788875733261
2908875733260
9780201657029
9780201657029
2900201657028
2813022425663
9780520276048
9780520276048
2900520276047
9780253036452
9780253036452
2900253036451
9780134884431
9780134884431
2900134884430
9780143119289
9780143119289
2900143119288
9780134039558
9780134039558
2900134039557
9780134039954
9780134039954
2900134039953
9780135172407
9780135172407
2900135172406
9780134858135
9780134858135
2900134858134
9780520207783
9780520207783
2900520207782
9780253217844
9780253217844
2900253217843
9781853995224
9781853995224
2901853995223
9780743270755
9780743270755
2900743270754
9780684847955
9780684847955
2900684847954
9780688177881
9780688177881
2900688177880
2813036932034
2813036966169
9781544339689
9781544339689
2901544339688
9780071847582
9780071847582
2900071847581
9780865435650
9780865435650
2900865435659
9780312243357
9780312243357
2900312243356
9780226559988
9780226559988
2900226559987
2813032282263
9780393631678
9780393631678
2900393631677
9780674307605
9780674307605
2900674307604
9781328566249
9781328566249
2901328566248
9781107627796
9781107627796
2901107627795
9780804749084
9780804749084
2900804749083
9780719096211
9780719096211
2900719096210
9780393603125
9780393603125
2900393603124
9780393934991
9780393934991
2900393934990
2813030569960
9781501704369
9781501704369
2901501704368
9780801849015
9780801849015
2900801849014
2813027712621
9781405184717
9781405184717
2901405184716
9780140442953
9780140442953
2900140442952
9780521385879
9780521385879
2900521385878
2813030743896
9781108420419
9781108420419
2901108420418
9783527406012
9783527406012
2903527406011
9781107189638
9781107189638
2901107189637
9780140512359
9780140512359
2900140512358
9782253117186
9782253117186
2902253117185
9780821894149
9780821894149
2900821894148
9780143122241
9780143122241
2900143122240
9781444332797
9781444332797
2901444332796
9780387954684
9780387954684
2900387954683
9781920888244
9781920888244
2901920888243
2813029341935
9781920888107
9781920888107
2901920888106
9780300233766
9780300233766
2900300233765
9788189617202
9788189617202
2908189617201
2813028082433
9780520284845
9780520284845
2900520284844
9780134995434
9780134995434
2900134995433
9781319057404
9781319057404
2901319057403
9781319057428
9781319057428
2901319057427
9781939067005
9781939067005
2901939067004
9780199535958
9780199535958
2900199535957
9780521005807
9780521005807
2900521005806
2813031636005
9781487593476
9781487593476
2901487593475
9780521713719
9780521713719
2900521713718
9780679755333
9780679755333
2900679755332
9780393938777
9780393938777
2900393938776
9780201498417
9780201498417
2900201498416
9780520260092
9780520260092
2900520260091
9780816650460
9780816650460
2900816650469
9780415495875
9780415495875
2900415495874
9780878939794
9780878939794
2900878939793
9780143106043
9780143106043
2900143106042
9780061260476
9780061260476
2900061260475
2813024102456
2813025941610
2813032828522
9781138659476
9781138659476
2901138659475
9781474403993
9781474403993
2901474403992
9780062415646
9780062415646
2900062415645
9781585104024
9781585104024
2901585104023
2813027133549
9780199283279
9780199283279
2900199283278
2813032118227
9780595229598
9780595229598
2900595229597
9781624665547
9781624665547
2901624665546
9781937295028
9781937295028
2901937295027
9780300043822
9780300043822
2900300043821
9781593279509
9781593279509
2901593279508
9780195694208
9780195694208
2900195694207
9780140390056
9780140390056
2900140390055
9780142437261
9780142437261
2900142437260
9780143107668
9780143107668
2900143107667
9781930882003
9781930882003
2901930882002
2813032675331
9780226320557
9780226320557
2900226320556
9780141014487
9780141014487
2900141014486
9780989327404
9780989327404
2900989327403
9780316353298
9780316353298
2900316353297
2813031264109
2813031288594
9780133977226
9780133977226
2900133977225
9780631197133
9780631197133
2900631197132
9780684843322
9780684843322
2900684843321
9781476764528
9781476764528
2901476764527
9780684822761
9780684822761
2900684822760
9780743297332
9780743297332
2900743297331
9780394722740
9780394722740
2900394722749
9781573922814
9781573922814
2901573922813
9780374115739
9780374115739
2900374115738
"98
OXF
OXF
9780199535668"
9780199535668
2900199535667
9780691143699
9780691143699
2900691143698
2813027167728
9780872201798
9780872201798
2900872201797
9781412990875
9781412990875
2901412990874
2813024119515
2813025945182
2813027461888
2813027461734
2813031611132
2813036647037
9780133915426
9780133915426
2900133915425
9780134382593
9780134382593
2900134382592
9780134610672
9780134610672
2900134610671
2813028971942
2813029151428
9780824793975
9780824793975
2900824793974
9781455502752
9781455502752
2901455502751
9780618001903
9780618001903
2900618001902
9781620972250
9781620972250
2901620972259
2813036263671
2813036643329
2813026129505
9780393330298
9780393330298
2900393330297
9781405120722
9781405120722
2901405120721
9780824704438
9780824704438
2900824704437
9780135189399
9780135189399
2900135189398
9780470197578
9780470197578
2900470197577
9781582346106
9781582346106
2901582346105
9780199330560
9780199330560
2900199330569
9780062046284
9780062046284
2900062046283
9781479806898
9781479806898
2901479806897
2813028254717
9781590172186
9781590172186
2901590172185
9780521274234
9780521274234
2900521274233
2813022713234
9780134640273
9780134640273
2900134640272
9780134525860
9780134525860
2900134525869
9780134640280
9780134640280
2900134640289
9780872204027
9780872204027
2900872204026
2813027141117
9781609303211
9781609303211
2901609303210
2813028084345
9780060838676
9780060838676
2900060838675
2813035628426
2813035663427
9781623849870
9781623849870
2901623849879
9780374172145
9780374172145
2900374172144
9780195159660
9780195159660
2900195159669
2813027141247
9780872203785
9780872203785
2900872203784
9781570753961
9781570753961
2901570753960
9780679722663
9780679722663
2900679722662
9780679731726
9780679731726
2900679731725
9780465054626
9780465054626
2900465054625
2813035597463
9781624667503
9781624667503
2901624667502
9789693503005
9789693503005
2909693503004
9780679724674
9780679724674
2900679724673
2813026141705
9780312597061
9780312597061
2900312597060
9780486202914
9780486202914
2900486202913
2813036475609
2813029819151
2813032269714
9780872208131
9780872208131
2900872208130
2813027001275
2813026938244
9780801478062
9780801478062
2900801478061
9781506307824
9781506307824
2901506307823
9780813306148
9780813306148
2900813306147
2813031644703
2813031667139
2813026175250
9781138823846
9781138823846
2901138823845
9780802134967
9780802134967
2900802134966
9780393919172
9780393919172
2900393919171
2813026375599
2813025494963
9780190870713
9780190870713
2900190870712
9780205998494
9780205998494
2900205998493
9780394743127
9780394743127
2900394743126
9780822342694
9780822342694
2900822342693
9780374533557
9780374533557
2900374533556
9781337408202
9781337408202
2901337408201
2813031361464
2813031549602
9780822964513
9780822964513
2900822964512
2813029163629
9780231139618
9780231139618
2900231139617
2813028971829
2813029151176
9781138860896
9781138860896
2901138860895
9780679761044
9780679761044
2900679761043
9780300121056
9780300121056
2900300121055
2813031988319
9780226429601
9780226429601
2900226429600
9780813349831
9780813349831
2900813349830
9781138061446
9781138061446
2901138061445
9781405176385
9781405176385
2901405176384
9780253011848
9780253011848
2900253011847
9780553419429
9780553419429
2900553419428
9781319030513
9781319030513
2901319030512
2813029196177
2813029272871
9780521273732
9780521273732
2900521273731
9780521273725
9780521273725
2900521273724
9780521273718
9780521273718
2900521273717
9780521273756
9780521273756
2900521273755
9780521273749
9780521273749
2900521273748
2813029207552
9780691174846
9780691174846
2900691174845
9781544322995
9781544322995
2901544322994
9780131103627
9780131103627
2900131103626
2813028927895
9780691176543
9780691176543
2900691176542
9780142437254
9780142437254
2900142437253
2818740138482
2828740138481
2813023613427
9781588269805
9781588269805
2901588269804
2813028701723
9781479894505
9781479894505
2901479894504
9780807002353
9780807002353
2900807002352
9781848852822
9781848852822
2901848852821
9780812973013
9780812973013
2900812973012
2818740161862
2828740161861
9780520300200
9780520300200
2900520300209
9780691034713
9780691034713
2900691034712
9780679721888
9780679721888
2900679721887
2813031439149
2813031461508
9780471415268
9780471415268
2900471415267
9780071847087
9780071847087
2900071847086
9780195057355
9780195057355
2900195057354
2813027033252
2813036643794
2813029179958
2813036645507
9780201726268
9780201726268
2900201726267
9781119378693
9781119378693
2901119378692
9781119110668
9781119110668
2901119110667
9781119340577
9781119340577
2901119340576
9780226443416
9780226443416
2900226443415
2813028526128
2813028564410
9781138193703
9781138193703
2901138193702
9780520276116
9780520276116
2900520276115
9781250062185
9781250062185
2901250062184
2813026399984
9781595589125
9781595589125
2901595589124
9780300203516
9780300203516
2900300203515
2813029166705
9780841913776
9780841913776
2900841913775
2813031711030
2813031716325
9780440509288
9780440509288
2900440509287
2813031121211
9780134519579
9780134519579
2900134519578
9780134519548
9780134519548
2900134519547
2813022789703
9780691133867
9780691133867
2900691133866
9780781812511
9780781812511
2900781812510
2813032721564
9780804794909
9780804794909
2900804794908
9780815341888
9780815341888
2900815341887
9780124297852
9780124297852
2900124297851
9780881456516
9780881456516
2900881456515
2813022723639
9781118613566
9781118613566
2901118613565
9780824817893
9780824817893
2900824817892
9782081489738
9782081489738
2902081489737
2813028086844
9782035842640
9782035842640
2902035842649
9780812977714
9780812977714
2900812977713
2813027553170
2813035292658
9780750685603
9780750685603
2900750685602
9780300103014
9780300103014
2900300103013
9780300044300
9780300044300
2900300044309
2813024170646
2813026948618
9780803612280
9780803612280
2900803612289
2813022422426
9780520271425
9780520271425
2900520271424
2813023658879
9780142437278
9780142437278
2900142437277
9780814414941
9780814414941
2900814414940
9780195395464
9780195395464
2900195395463
9781447336068
9781447336068
2901447336067
9781405198608
9781405198608
2901405198607
2813024152253
2813025508691
9780321385178
9780321385178
2900321385177
9780321388834
9780321388834
2900321388833
9780262526029
9780262526029
2900262526028
9781539808008
9781539808008
2901539808007
9780415841337
9780415841337
2900415841336
9781138052161
9781138052161
2901138052160
9780812983098
9780812983098
2900812983097
9781590306703
9781590306703
2901590306702
9780393602951
9780393602951
2900393602950
9780791411445
9780791411445
2900791411444
2813024157487
9780787960759
9780787960759
2900787960758
9780801489754
9780801489754
2900801489753
9781848728318
9781848728318
2901848728317
9780805210415
9780805210415
2900805210414
2813027859906
9780814751978
9780814751978
2900814751977
9780130282941
9780130282941
2900130282940
9780674976016
9780674976016
2900674976015
9781599551333
9781599551333
2901599551332
2813031494339
9782253004363
9782253004363
2902253004362
9780140448092
9780140448092
2900140448091
"06
OXF
OXF
9780199555970"
9780199555970
2900199555979
9780140444513
9780140444513
2900140444512
2813036701722
9781975103545
9781975103545
2901975103544
9781442234789
9781442234789
2901442234788
9780872200807
9780872200807
2900872200806
9780801882746
9780801882746
2900801882745
2813031854706
2813031885144
9781506342566
9781506342566
2901506342565
9780073523910
9780073523910
2900073523919
2813025193057
2813030826926
9780520291096
9780520291096
2900520291095
9780520293908
9780520293908
2900520293907
2813024190477
2813036639933
2813032284663
9780521269889
9780521269889
2900521269888
9780807072134
9780807072134
2900807072133
9781108453479
9781108453479
2901108453478
2813031948917
9780226500447
9780226500447
2900226500446
9781412990882
9781412990882
2901412990881
2813035212229
2813035201025
9780674383302
9780674383302
2900674383301
9784789012959
9784789012959
2904789012958
9784789004541
9784789004541
2904789004540
9784789007757
9784789007757
2904789007756
2813032013553
9780691180427
9780691180427
2900691180426
2813029030938
9780199768585
9780199768585
2900199768584
2813028892131
2813028890311
9781305585126
9781305585126
2901305585125
9780190269005
9780190269005
2900190269004
9780131401976
9780131401976
2900131401975
2813024675295
2813026814203
9780131872356
9780131872356
2900131872355
2813026222299
9781602232662
9781602232662
2901602232661
9782266289269
9782266289269
2902266289268
9781442212404
9781442212404
2901442212403
9780393640137
9780393640137
2900393640136
2813036422726
9780883857519
9780883857519
2900883857518
9780691141060
9780691141060
2900691141069
9781319094836
9781319094836
2901319094835
2813031298630
9780195073409
9780195073409
2900195073408
9781462516681
9781462516681
2901462516680
2813026359414
2813027286290
9780618275649
9780618275649
2900618275648
9780131176010
9780131176010
2900131176019
9780964418417
9780964418417
2900964418416
2813025995996
2813027076754
2813032012792
2813032080869
2813022730835
9780199782833
9780199782833
2900199782832
2813025993190
9780465064649
9780465064649
2900465064648
9780521599092
9780521599092
2900521599091
9784874244470
9784874244470
2904874244479
9780198780670
9780198780670
2900198780679
2813026359827
9780521617307
9780521617307
2900521617306
9780312541194
9780312541194
2900312541193
9780374514310
9780374514310
2900374514319
2813031610593
9781319056605
9781319056605
2901319056604
9781319328771
9781319328771
2901319328770
9780935702996
9780935702996
2900935702995
2813023507436
9781603580557
9781603580557
2901603580556
9781421426778
9781421426778
2901421426777
9781285737232
9781285737232
2901285737231
9781250180575
9781250180575
2901250180574
2813029277784
2813029157017
2813029277753
9780226519913
9780226519913
2900226519912
9780357102251
9780357102251
2900357102250
9781337565899
9781337565899
2901337565898
9781285074818
9781285074818
2901285074817
9780357102237
9780357102237
2900357102236
9780143107606
9780143107606
2900143107605
9780140445473
9780140445473
2900140445472
9780199540730
9780199540730
2900199540739
2813029716122
9781119003618
9781119003618
2901119003617
9780877798248
9780877798248
2900877798247
9780807001271
9780807001271
2900807001270
9788877154545
9788877154545
2908877154544
9781590306710
9781590306710
2901590306719
2813022428459
9780520285637
9780520285637
2900520285636
9780822370505
9780822370505
2900822370504
9780520241541
9780520241541
2900520241540
9780872202917
9780872202917
2900872202916
9780140424393
9780140424393
2900140424392
9781940696720
9781940696720
2901940696729
9780130856494
9780130856494
2900130856493
9780140092332
9780140092332
2900140092331
9782090380613
9782090380613
2902090380612
9781476874647
9781476874647
2901476874646
9781680055023
9781680055023
2901680055022
9781680050257
9781680050257
2901680050256
9780865437050
9780865437050
2900865437059
9782035861559
9782035861559
2902035861558
9782035859174
9782035859174
2902035859173
2813022416586
9780520246492
9780520246492
2900520246491
9788432225925
9788432225925
2908432225924
2813031572068
2813031570613
9780813300719
9780813300719
2900813300718
9780385337816
9780385337816
2900385337815
9781405129640
9781405129640
2901405129649
2813031355586
9780393630206
9780393630206
2900393630205
9780205697342
9780205697342
2900205697341
9780520286764
9780520286764
2900520286763
9781400033416
9781400033416
2901400033415
9780307278449
9780307278449
2900307278448
9781400033447
9781400033447
2901400033446
9780198605126
9780198605126
2900198605125
9780385490436
9780385490436
2900385490435
9781119011262
9781119011262
2901119011261
9780679750536
9780679750536
2900679750535
9780679743460
9780679743460
2900679743469
9780375704024
9780375704024
2900375704023
9780375718946
9780375718946
2900375718945
9780679775430
9780679775430
2900679775439
9780141186160
9780141186160
2900141186169
2813027032477
9781556203244
9781556203244
2901556203243
9781285457550
9781285457550
2901285457559
9781285433882
9781285433882
2901285433881
9781305121720
9781305121720
2901305121729
2813027484092
2813031853617
2813031884239
2818740161046
2828740161045
9780631219378
9780631219378
2900631219377
9780679723394
9780679723394
2900679723393
9780812971064
9780812971064
2900812971063
9780199978458
9780199978458
2900199978457
9781108405492
9781108405492
2901108405491
9780231121576
9780231121576
2900231121575
2813026291189
9780691159836
9780691159836
2900691159835
9781451628425
9781451628425
2901451628424
9780070460652
9780070460652
2900070460651
9780807006153
9780807006153
2900807006152
9780679721819
9780679721819
2900679721818
9780465050727
9780465050727
2900465050726
9782070336760
9782070336760
2902070336769
9780323393225
9780323393225
2900323393224
2813036482621
9781138101463
9781138101463
2901138101462
9780029227916
9780029227916
2900029227915
9780198805090
9780198805090
2900198805099
9781305505797
9781305505797
2901305505796
9781107002173
9781107002173
2901107002172
9780679724650
9780679724650
2900679724659
9780679724629
9780679724629
2900679724628
9780140150629
9780140150629
2900140150628
9782070320844
9782070320844
2902070320843
9780691165769
9780691165769
2900691165768
2813026294166
9781118170519
9781118170519
2901118170518
2813024194864
2813036640830
9781479837243
9781479837243
2901479837242
2813031376772
9780300212648
9780300212648
2900300212647
2813030884636
2813035295956
9780123948151
9780123948151
2900123948150
9782253109280
9782253109280
2902253109289
2813024121785
2813026004307
2813027270879
2813026345370
9780306807435
9780306807435
2900306807434
9781555532468
9781555532468
2901555532467
9780470227770
9780470227770
2900470227779
2813024102838
2813025510311
9780136156734
9780136156734
2900136156733
9780195091199
9780195091199
2900195091198
9780814252703
9780814252703
2900814252702
9784874244876
9784874244876
2904874244875
9781985727137
9781985727137
2901985727136
9780199555338
9780199555338
2900199555337
9781107648319
9781107648319
2901107648318
9780253017604
9780253017604
2900253017603
9780138147570
9780138147570
2900138147579
9781585104208
9781585104208
2901585104207
9781412928656
9781412928656
2901412928655
9781608193943
9781608193943
2901608193942
9780340905593
9780340905593
2900340905592
9780822316169
9780822316169
2900822316168
9780131826557
9780131826557
2900131826556
9780140447897
9780140447897
2900140447896
9780393971064
9780393971064
2900393971063
9780199663309
9780199663309
2900199663308
2813030828999
2813025264092
2813025264108
2813027239371
2813027239388
9780077599607
9780077599607
2900077599606
9780077599584
9780077599584
2900077599583
9780822370772
9780822370772
2900822370771
2813022586388
9780807753897
9780807753897
2900807753896
9781948125000
9781948125000
2901948125009
9780124077263
9780124077263
2900124077262
2813026996213
2813035296731
2813036801767
2813024119812
2813025590825
2813029275070
9781605353289
9781605353289
2901605353288
9780321984258
9780321984258
2900321984257
2813024183462
2813036638660
9780470411919
9780470411919
2900470411918
9781118250303
9781118250303
2901118250302
9780806131399
9780806131399
2900806131398
9780393123524
9780393123524
2900393123523
2813027000131
2813026944337
9780134167381
9780134167381
2900134167380
9780415560740
9780415560740
2900415560749
9780915144532
9780915144532
2900915144531
2813027141001
9780807064498
9780807064498
2900807064497
2813026223487
9781786436801
9781786436801
2901786436800
9780872205109
9780872205109
2900872205108
9780132931281
9780132931281
2900132931280
9780395901496
9780395901496
2900395901495
9781118581780
9781118581780
2901118581789
2813022720980
2813029260427
9781941040638
9781941040638
2901941040637
9780674979857
9780674979857
2900674979856
9780520255449
9780520255449
2900520255448
9780143127796
9780143127796
2900143127795
9780679745440
9780679745440
2900679745449
9780872203495
9780872203495
2900872203494
2813026401618
2813027140561
2813026401564
2813025476464
2813023509263
2813036747270
9780872206335
9780872206335
2900872206334
9780801485749
9780801485749
2900801485748
9780872207882
9780872207882
2900872207881
9781603848114
9781603848114
2901603848113
9780226042756
9780226042756
2900226042755
9780375756764
9780375756764
2900375756763
9780375756771
9780375756771
2900375756770
9780393972856
9780393972856
2900393972855
2813026124982
9781506379708
9781506379708
2901506379707
9780199534708
9780199534708
2900199534707
9786070746758
9786070746758
2906070746757
9780520274020
9780520274020
2900520274029
2813029300024
9780872865389
9780872865389
2900872865388
9780472034284
9780472034284
2900472034283
9780199842759
9780199842759
2900199842758
9781883642419
9781883642419
2901883642418
9780465061518
9780465061518
2900465061517
2813024185305
2813036639032
9780470631553
9780470631553
2900470631552
9780801854965
9780801854965
2900801854964
2813029275292
9781605352893
9781605352893
2901605352892
9780131873742
9780131873742
2900131873741
9780133354850
9780133354850
2900133354859
9780231158930
9780231158930
2900231158939
2813026105776
9783319330426
9783319330426
2903319330425
9780674066397
9780674066397
2900674066396
2813029074314
9780875011066
9780875011066
2900875011065
9780140441192
9780140441192
2900140441191
9780674244511
9780674244511
2900674244510
9780674665637
9780674665637
2900674665636
2813031745295
2813031810214
2813022371557
9782035839183
9782035839183
2902035839182
2813028777254
2813028777490
9782035839091
9782035839091
2902035839090
9782035859167
9782035859167
2902035859166
9780140437591
9780140437591
2900140437590
9780451530967
9780451530967
2900451530966
9781644961674
9781644961674
2901644961673
9781478001461
9781478001461
2901478001460
2813031298609
9781319113025
9781319113025
2901319113024
9781305078840
9781305078840
2901305078849
9781555976903
9781555976903
2901555976902
9780123746269
9780123746269
2900123746268
2813025175152
9781250060266
9781250060266
2901250060265
9780684847504
9780684847504
2900684847503
9781284050233
9781284050233
2901284050232
2813027578043
2813031235239
9781108403467
9781108403467
2901108403466
9780199585588
9780199585588
2900199585587
9781503603516
9781503603516
2901503603515
9780520253933
9780520253933
2900520253932
2813022414254
9781138088764
9781138088764
2901138088763
9780863778537
9780863778537
2900863778536
9780806114293
9780806114293
2900806114292
9781284118445
9781284118445
2901284118444
9780071373586
9780071373586
2900071373585
9783030113155
9783030113155
2903030113154
9780199899258
9780199899258
2900199899257
9781537305578
9781537305578
2901537305577
2813026075918
2813029736366
2813036229837
2813024158606
2813036638288
9781859845714
9781859845714
2901859845713
9780674030657
9780674030657
2900674030656
9780521788748
9780521788748
2900521788747
9780205708338
9780205708338
2900205708337
9780205708321
9780205708321
2900205708320
9781621534631
9781621534631
2901621534630
9781416410805
9781416410805
2901416410804
2818740144681
2828740144680
2813024332129
2813026579492
9780415105811
9780415105811
2900415105810
9781429242165
9781429242165
2901429242164
2813025533082
2813027305038
9780982590829
9780982590829
2900982590828
9781544300153
9781544300153
2901544300152
2813029007800
2813035300964
9780128043172
9780128043172
2900128043171
9781588749406
9781588749406
2901588749405
9780679752936
9780679752936
2900679752935
9781631492853
9781631492853
2901631492852
2813029243574
2813026138873
2813032121692
9780465019311
9780465019311
2900465019310
9782081275263
9782081275263
2902081275262
9780226151311
9780226151311
2900226151310
9780486426921
9780486426921
2900486426920
9780801490712
9780801490712
2900801490711
9780872201620
9780872201620
2900872201629
9781603721806
9781603721806
2901603721805
9780195042382
9780195042382
2900195042381
9780140390803
9780140390803
2900140390802
9780812979657
9780812979657
2900812979656
2813022239444
9780099455448
9780099455448
2900099455447
9780070542341
9780070542341
2900070542340
2813022427575
9780812976533
9780812976533
2900812976532
9780136042594
9780136042594
2900136042593
2813024102661
2813025504594
9781585100293
9781585100293
2901585100292
9780073397108
9780073397108
2900073397107
9780679756972
9780679756972
2900679756971
9782266195584
9782266195584
2902266195583
9781137445278
9781137445278
2901137445277
9780521720793
9780521720793
2900521720792
2813031493707
9781108422413
9781108422413
2901108422412
9780198727378
9780198727378
2900198727377
2813025596469
2813024109028
9780130338389
9780130338389
2900130338388
9782721004888
9782721004888
2902721004887
9780805075113
9780805075113
2900805075112
9781594205071
9781594205071
2901594205070
9780253220493
9780253220493
2900253220492
9782070376841
9782070376841
2902070376840
9780375714573
9780375714573
2900375714572
9780812985405
9780812985405
2900812985404
2813031199258
2813031643720
9780134448282
9780134448282
2900134448281
9780140440751
9780140440751
2900140440750
2813024200893
2813036643367
9780071795579
9780071795579
2900071795578
9780071488488
9780071488488
2900071488487
9787561928950
9787561928950
2907561928959
9787561932551
9787561932551
2907561932550
9780805210422
9780805210422
2900805210421
9780205726912
9780205726912
2900205726911
2813035254519
9780231175210
9780231175210
2900231175219
2813029165029
9781319094850
9781319094850
2901319094859
9780803614994
9780803614994
2900803614993
2813024633769
2813025753824
9780415584883
9780415584883
2900415584882
9780199339136
9780199339136
2900199339135
9788423342396
9788423342396
2908423342395
9780807758618
9780807758618
2900807758617
9780813331317
9780813331317
2900813331316
9780190631390
9780190631390
2900190631399
9780553212891
9780553212891
2900553212890
9780199535798
9780199535798
2900199535797
9780451528438
9780451528438
2900451528437
9780553212969
9780553212969
2900553212968
9780743477543
9780743477543
2900743477542
9780553213027
9780553213027
2900553213026
9781118821787
9781118821787
2901118821786
9781470418526
9781470418526
2901470418525
2813022584124
2813026223456
9781883217051
9781883217051
2901883217050
9781883217365
9781883217365
2901883217364
9780634006937
9780634006937
2900634006936
2813022778097
2813031222376
9781284100556
9781284100556
2901284100555
9781137504036
9781137504036
2901137504035
9781138284371
9781138284371
2901138284370
9780137062706
9780137062706
2900137062705
9780691174198
9780691174198
2900691174197
2813031355494
9780143125082
9780143125082
2900143125081
9780253217127
9780253217127
2900253217126
9780470616376
9780470616376
2900470616375
9780300099201
9780300099201
2900300099200
9780140390315
9780140390315
2900140390314
9781473958630
9781473958630
2901473958639
9781133187790
9781133187790
2901133187799
9780618516063
9780618516063
2900618516062
9788497931182
9788497931182
2908497931181
9781107569843
9781107569843
2901107569842
9781284050547
9781284050547
2901284050546
9781305577213
9781305577213
2901305577212
9781555977856
9781555977856
2901555977855
2813025956164
9781570036057
9781570036057
2901570036056
9780865970120
9780865970120
2900865970129
9780465031474
9780465031474
2900465031473
2813028246255
2813029100457
2813024962616
2813025911071
9781482251883
9781482251883
2901482251882
2813035964142
9780872205710
9780872205710
2900872205719
9781580493888
9781580493888
2901580493887
9781405169660
9781405169660
2901405169669
9780895267153
9780895267153
2900895267152
9781567580693
9781567580693
2901567580692
9780813512969
9780813512969
2900813512968
9780521613019
9780521613019
2900521613018
2813022261360
9780385009485
9780385009485
2900385009484
9782070376322
9782070376322
2902070376321
2813031199241
2813036783834
9780134670959
9780134670959
2900134670958
9781942695110
9781942695110
2901942695119
9780679724636
9780679724636
2900679724635
2813027002609
9781260058895
9781260058895
2901260058894
2813036669350
2813036621297
9782070374625
9782070374625
2902070374624
9780062395542
9780062395542
2900062395541
9780822322177
9780822322177
2900822322176
9780674034945
9780674034945
2900674034944
9780195089578
9780195089578
2900195089577
2813022271727
9780134461991
9780134461991
2900134461990
9780815781776
9780815781776
2900815781775
2813024593667
2813025728174
9780415908771
9780415908771
2900415908770
9780393912722
9780393912722
2900393912721
2813030933129
9780393283785
9780393283785
2900393283784
9780140183504
9780140183504
2900140183503
9781412999267
9781412999267
2901412999266
9781400031146
9781400031146
2901400031145
9781400034765
9781400034765
2901400034764
9780500288986
9780500288986
2900500288985
2813031670375
2813031809553
9780813349107
9780813349107
2900813349106
2813023509003
9781603585804
9781603585804
2901603585803
9780131145580
9780131145580
2900131145589
2813028964890
9780691143286
9780691143286
2900691143285
9780767901260
9780767901260
2900767901269
9781586486662
9781586486662
2901586486661
9780192824219
9780192824219
2900192824218
9780190939311
9780190939311
2900190939310
9780520291263
9780520291263
2900520291262
2813030740086
9780132126953
9780132126953
2900132126952
9780679761075
9780679761075
2900679761074
9780781785051
9780781785051
2900781785050
2813026282965
9780253005731
9780253005731
2900253005730
9780807134429
9780807134429
2900807134428
9780691150246
9780691150246
2900691150245
9781565843424
9781565843424
2901565843423
2813027546288
9780253220707
9780253220707
2900253220706
9780143106692
9780143106692
2900143106691
9780679781424
9780679781424
2900679781423
2813031202200
9780393308839
9780393308839
2900393308838
9781473948877
9781473948877
2901473948876
9780679785897
9780679785897
2900679785896
9780674073135
9780674073135
2900674073134
9780684827902
9780684827902
2900684827901
9780691123837
9780691123837
2900691123836
2813026259615
2813025476303
9780745684840
9780745684840
2900745684849
9781118834503
9781118834503
2901118834502
9780140449600
9780140449600
2900140449609
9780190624439
9780190624439
2900190624438
9780871402103
9780871402103
2900871402102
2813026212344
9780415871921
9780415871921
2900415871920
2813024395834
2813025520808
9781481246385
9781481246385
2901481246384
9783126053068
9783126053068
2903126053067
9780521704908
9780521704908
2900521704907
2813022249627
2813039111009
9781441973993
9781441973993
2901441973992
2813029166798
9780300215120
9780300215120
2900300215129
2813037174013
9780226430577
9780226430577
2900226430576
9780999357804
9780999357804
2900999357803
2813028086431
9780060856267
9780060856267
2900060856266
2818740185684
2828740185683
2818740189828
2828740189827
2818740189798
2828740189797
9780226287058
9780226287058
2900226287057
2813028400770
2813029008975
2813029123265
2813032088346
2813028889971
2813026124968
2813026376879
2813025495069
2813032951053
2813030114832
2813038532348
9781580055611
9781580055611
2901580055610
9780801820106
9780801820106
2900801820105
9780691074788
9780691074788
2900691074787
9780801484575
9780801484575
2900801484574
9780415873796
9780415873796
2900415873795
2813024633820
2813026775115
2813035734066
2813036932119
2813036966244
9780143114932
9780143114932
2900143114931
2813024646318
9780132337175
9780132337175
2900132337174
9781506383460
9781506383460
2901506383469
9780195223989
9780195223989
2900195223988
9780679729525
9780679729525
2900679729524
9780143105138
9780143105138
2900143105137
9780470570951
9780470570951
2900470570950
2813024158668
2813036638349
2813026133311
2813028718141
9782035866011
9782035866011
2902035866010
9782047355091
9782047355091
2902047355090
9780674576292
9780674576292
2900674576291
9780195305623
9780195305623
2900195305622
9780393931075
9780393931075
2900393931074
9780393667967
9780393667967
2900393667966
9780134635880
9780134635880
2900134635889
9780933121386
9780933121386
2900933121385
9780813349862
9780813349862
2900813349861
2813024952297
2813026915191
9781577666707
9781577666707
2901577666706
9780262525329
9780262525329
2900262525328
2813027469211
9780199349623
9780199349623
2900199349622
9781337587501
9781337587501
2901337587500
2813022271659
2813035696975
2813035964784
2813026133342
2813028718318
9780393918380
9780393918380
2900393918389
9780912550015
9780912550015
2900912550014
2813026280183
2813030734078
2813029700480
9781452241074
9781452241074
2901452241073
2813030609338
9780821422595
9780821422595
2900821422594
9780198768128
9780198768128
2900198768127
2813026263728
2813025479984
2813025023705
2813025477218
9780881504200
9780881504200
2900881504209
2813026186966
9780131437371
9780131437371
2900131437370
9780811218221
9780811218221
2900811218220
9780321547743
9780321547743
2900321547742
2813028654722
9780807747506
9780807747506
2900807747505
2813024104801
2813025506352
9780451527561
9780451527561
2900451527560
2813024771935
2813025578441
2813026130655
9780393347777
9780393347777
2900393347776
9780061997228
9780061997228
2900061997227
9781586485757
9781586485757
2901586485756
9781844920020
9781844920020
2901844920029
9780072402315
9780072402315
2900072402314
9781936221486
9781936221486
2901936221485
2813031425548
9780140421996
9780140421996
2900140421995
9780393974966
9780393974966
2900393974965
2813031497248
2813031481889
9781259903885
9781259903885
2901259903884
2813024102692
2813025504600
2813026399793
9781595581594
9781595581594
2901595581593
2813024190613
9781305577190
9781305577190
2901305577199
2813032860713
2813032910036
9781506349350
9781506349350
2901506349359
2813031709945
2813031715793
9780300211597
9780300211597
2900300211596
2813030708956
9781469632070
9781469632070
2901469632079
9780415788847
9780415788847
2900415788846
2813031321659
2813031333621
9780195045581
9780195045581
2900195045580
9781107661653
9781107661653
2901107661652
9780889713086
9780889713086
2900889713085
9780399252518
9780399252518
2900399252517
9780195083767
9780195083767
2900195083766
2813022619420
9781501175510
9781501175510
2901501175519
9780813123837
9780813123837
2900813123836
9780195146905
9780195146905
2900195146904
2813035997683
2813035982740
9781337558860
9781337558860
2901337558869
9780156118705
9780156118705
2900156118704
9780199536580
9780199536580
2900199536589
9780156628709
9780156628709
2900156628708
9780156701600
9780156701600
2900156701609
9780156787338
9780156787338
2900156787337
9780156907392
9780156907392
2900156907391
9780156949606
9780156949606
2900156949605
9780471394051
9780471394051
2900471394050
9780199555987
9780199555987
2900199555986
9781590179260
9781590179260
2901590179269
9780140442939
9780140442939
2900140442938
9780140455489
9780140455489
2900140455488
9789629961244
9789629961244
2909629961243
9780143133278
9780143133278
2900143133277
9781477315965
9781477315965
2901477315964
2813024119522
2813025594083
9780195366907
9780195366907
2900195366906
9780521896979
9780521896979
2900521896978
9780472081240
9780472081240
2900472081249
9780804741316
9780804741316
2900804741315
9780982692660
9780982692660
2900982692669
9789652228628
9789652228628
2909652228627
2813036647754
2813036623192
9782070423576
9782070423576
2902070423575
2818740150774
2828740150773
2818740150781
2828740150780
