ISBN
2813036648515
2813036623598
9780134482019
9780205149766
2813024144845
2813025508318
9780300142174
2813029039672
2813029121803
2813027461864
2813027461864
2813027461765
2813027461765
9780133780581
9780133780581
9780134856926
9780134856926
9780134856926
9780134856926
9780134856926
9780134856926
9780134856926
9780134856926
9780134996684
9780134996684
9780134996684
9780134996684
9780134996684
9780134996684
9780134996684
9780134996684
9780134770482
9780134770482
9780134770482
9780134770482
9780134770482
9780134770482
9780134770482
9780134770482
9780134552231
9780134552231
9780134552231
9780134552231
9780134557328
9780134557328
9780134553108
9780134553108
9780134292816
9780134292816
9780134414232
9780134414232
9780134414232
9780134414232
9781589017368
9781589017368
9781589017368
9781589017368
9781589017368
9781589016323
9781589016323
9781589016323
9781589016323
9781589016323
9780262033848
9780262033848
9781323590201
9781323590201
9781323590201
9781323590201
9781323590201
9781323590201
9781323508640
9781323508640
9781323508640
9781323508640
9781323508640
9781323508640
9781323508640
9781323508640
9780964883734
9780190876654
2813036438154
2813036438154
2813036438154
2813036412291
2813036412291
2813036412291
9781259290633
9781259290633
9781259290633
9780394800899
9780394800899
9781506368283
9781506368283
9780134678320
9780135272800
9780131495081
9780190889432
9780134884431
9780134884431
9780134884431
9780134884431
9780134884431
9780134884431
9780134884431
9780134884431
9780134884431
9780134884431
9780134884431
9780134884431
9780134884431
9780134884431
9780134039558
9780134039558
9780134039558
9780134039558
9780134039558
9780134039558
9780134039558
9780134039558
9780134039558
9780134039558
9780134039558
9780134039558
9780134039558
9780134039558
9780134039954
9780134039954
9780134039954
9780134039954
9780134039954
9780134039954
9780134039954
9780134039954
9780134039954
9780134039954
9780134039954
9780134039954
9780134039954
9780134039954
9780135172407
9780135172407
9780135172407
9780135172407
9780135172407
9780135172407
9780135172407
9780135172407
9780135172407
9780135172407
9780135172407
9780135172407
9780135172407
9780135172407
9780134858135
9780134858135
9780134858135
9780134858135
9780134858135
9780134858135
9780134858135
9780134858135
9780134858135
9780134858135
9780134858135
9780134858135
9780134858135
9780134858135
9780071847582
9780071847582
9780071847582
9780071847582
9780071847582
9780071847582
9780071847582
9780071847582
9781930882003
9781930882003
9781930882003
9781930882003
9781930882003
2813032269714
2813027001275
2813026938244
9780812973013
2813031439149
2813031461508
2813027033252
2813036643794
2813029179958
2813036645507
9781119378693
9781119110668
9781119340577
2813022422426
2813022422426
9780520271425
9780520271425
9780130282941
9780130282941
9780130282941
9780130282941
9780130282941
9780130282941
2813028892131
2813028890311
9781305585126
2813025995996
2813027076754
9780877798248
9780877798248
9780877798248
9780877798248
9780877798248
9780877798248
9780877798248
9780877798248
9780877798248
9780877798248
9780877798248
9780877798248
9780877798248
9780877798248
9780199663309
9780199663309
9780199663309
9780199663309
9780199663309
9780199663309
9780199663309
2813025264092
2813025264108
2813027239371
2813027239388
9780077599607
9780077599584
9780132931281
9781284118445
9780205708338
9780205708321
2813029007800
2813029007800
2813035300964
2813035300964
9780128043172
9780128043172
2813031199258
2813031199258
2813031199258
2813031199258
2813031643720
2813031643720
2813031643720
2813031643720
9780134448282
9780134448282
9780134448282
9780134448282
9781567580693
2813027002609
2813027002609
2813022271727
2813022271727
2813022271727
2813022271727
2813022271727
2813022271727
2813022271727
2813022271727
9780679781424
9780684827902
2818740185684
2818740185684
2818740185684
2818740185684
2818740185684
2818740185684
2818740185684
2818740185684
2818740185684
2818740185684
2818740185684
2818740185684
2818740185684
2818740185684
2818740189828
2818740189828
2818740189828
2818740189828
2818740189828
2818740189828
2818740189798
2818740189798
2818740189798
2818740189798
2818740189798
2818740189798
2813029008975
2813029008975
2813029008975
2813029008975
2813029123265
2813029123265
2813029123265
2813029123265
2813032951053
9780143114932
9780143114932
9780134635880
9780134635880
9781305577190
2818740150774
2818740150774
2818740150774
2818740150774
2818740150774
